4.52
256.381
6.8
6.042
3.285
59.763
13.576
16.04
21.756
3.622
47.998
116.208
1.06
2.393
80.385
42.828
32.158
26.094
0.003
0.015
27.576
32.937
15.602
37.935
14.878
0.037
0.002
47.874
19.32
39.283
193.496
68.66
39.867
8.67
43.166
77.118
0.001
76.576
3.034
17.794
0.01
26.061
10.186
21.053
40.09
25.275
24.578
2.735
20.95
1.117
31.06
10.387
16.763
22.225
21.772
21.326
21.055
24.459
32.803
33.297
18.299
0.729
0.003
1.83
19.536
0.005
16.949
5.426
5.748
0.004
0.013
3.632
66.655
45.993
0.004
0.007
42.0
0.006
3.383
15.773
0.004
0.005
0.005
11.166
1.812
0.009
31.476
39.211
39.592
52.797
0.001
23.706
0.002
0.002
0.008
33.962
0.02
0.002
30.313
17.53
43.218
0.006
0.003
65.87
35.234
129.005
39.182
40.803
27.45
37.07
20.128
32.278
26.549
4.16
20.127
38.501
83.588
9.195
7.899
17.163
13.774
135.749
15.167
92.072
17.992
33.063
33.666
18.175
34.256
17.933
31.967
29.772
15.487
94.357
69.31
13.334
31.384
50.838
5.786
34.338
14.343
21.537
21.487
38.9
44.221
104.323
83.148
197.628
45.569
10.344
25.591
12.395
50.131
15.717
39.421
67.195
28.184
69.71
22.935
56.159
68.523
6.465
66.901
68.575
49.328
36.927
33.472
10.941
34.573
17.606
28.739
30.812
39.935
62.784
6.758
13.951
41.308
23.17
34.514
13.511
18.283
27.394
15.653
86.285
47.626
67.854
60.633
62.545
115.173
22.376
34.614
54.935
19.49
11.316
12.632
18.258
82.203
28.833
35.25
61.923
21.19
39.387
21.909
12.954
17.334
22.875
406.626
62.013
141.145
31.174
60.449
69.429
92.136
83.761
8.955
4.491
245.704
85.973
300.104
142.736
18.06
92.424
122.754
51.11
28.845
8.214
2.602
181.745
113.559
23.435
5.151
5.768
46.998
163.249
42.288
51.431
39.221
92.722
21.573
126.955
31.666
23.132
157.862
42.056
47.86
27.531
119.413
6.555
188.412
15.888
22.031
11.065
72.292
30.038
11.263
66.504
10.332
2.858
36.144
69.997
31.67
84.648
4.645
41.631
9.27
55.757
10.087
2.091
50.09
16.681
44.969
13.126
9.293
9.03
10.099
7.672
6.762
5.686
5.024
7.476
8.062
5.807
6.025
7.079
5.662
31.628
14.492
11.956
40.48
118.313
14.64
31.615
63.21
10.551
127.503
78.507
356.943
3.646
153.185
125.722
39.823
242.968
31.49
15.38
56.768
21.889
74.431
51.079
0.405
48.137
55.048
16.615
87.635
21.569
235.251
8.975
121.1
4.72
71.598
109.182
69.771
10.562
40.174
18.46
12.345
117.626
19.38
21.96
34.872
56.714
31.261
28.407
66.074
25.594
32.357
44.425
35.817
29.43
3.407
21.626
44.358
58.998
120.191
40.272
21.21
38.292
45.775
54.69
57.055
7.892
12.493
23.812
32.362
43.528
47.254
82.536
4.891
31.472
35.746
9.349
29.155
26.966
114.428
7.541
140.272
21.043
65.92
10.011
8.825
88.93
78.374
66.474
12.317
37.984
244.152
22.806
17.221
210.323
17.226
25.986
37.134
149.779
25.631
12.523
80.737
51.949
95.636
86.138
122.863
91.363
11.482
65.117
23.019
75.312
4.215
113.597
85.545
49.685
4.907
49.773
19.603
48.531
13.909
53.616
43.002
24.628
99.497
161.884
24.321
17.253
74.102
14.125
15.387
21.887
5.424
68.918
42.802
7.218
81.615
46.413
63.586
43.584
20.582
54.012
61.241
79.553
19.999
30.924
23.723
24.892
14.196
74.915
23.93
71.321
24.834
61.392
19.572
117.191
34.144
106.264
60.93
54.934
20.92
39.67
154.663
121.31
53.63
30.117
17.706
4.134
22.099
34.271
9.303
22.501
12.408
28.696
7.664
44.497
8.865
13.379
23.431
68.94
363.864
29.288
11.561
57.311
22.982
19.139
58.564
68.944
59.136
289.621
22.651
16.47
4.159
27.311
66.904
52.977
16.021
7.167
13.781
42.834
120.343
22.767
77.615
26.009
24.537
0.212
25.336
25.508
17.998
74.876
8.488
51.257
6.002
24.746
20.67
18.485
27.994
31.346
26.541
36.761
23.418
35.378
16.963
19.619
23.217
14.257
24.198
45.344
23.502
25.036
46.748
27.575
54.155
42.654
14.683
148.87
13.496
12.287
159.303
14.5
76.989
11.576
27.397
20.681
20.942
18.53
57.829
24.828
24.549
20.083
26.373
33.315
18.578
51.999
22.926
24.207
27.31
20.153
37.434
55.846
66.654
98.241
94.897
21.133
11.556
16.215
17.138
34.872
29.966
23.995
185.971
18.29
51.737
58.73
14.811
52.956
31.873
14.801
8.478
12.703
7.385
13.426
22.268
14.255
4.674
13.66
106.16
3.258
96.451
90.367
53.141
27.247
64.837
57.294
22.262
13.499
11.361
23.2
23.371
9.808
22.876
8.652
62.591
16.398
597.897
80.938
30.746
8.126
12.583
71.036
50.45
91.22
56.599
103.3
39.281
15.825
63.546
3.481
156.78
94.104
5.679
23.017
23.065
11.324
21.931
15.738
57.358
14.888
14.873
84.088
4.533
3.449
67.896
45.907
23.414
22.105
21.171
20.327
63.274
25.671
192.846
62.359
12.154
11.018
12.396
21.731
28.644
19.65
16.295
64.66
21.85
51.167
