4.609
8.378
0.878
0.668
0.714
0.862
10.493
0.861
0.634
0.673
0.691
0.651
0.816
0.682
0.657
0.75
0.718
0.826
0.958
0.648
1.862
3.671
4.544
0.851
0.628
0.703
0.839
0.653
0.621
0.731
8.89
3.674
0.629
0.64
0.833
3.296
2.169
1.034
0.761
3.457
1.296
1.013
0.682
1.062
0.625
6.81
0.649
0.653
0.657
0.666
0.705
0.684
0.631
0.671
0.7
0.673
0.654
1.299
2.213
0.693
3.21
0.721
0.66
0.626
1.17
68.716
2.421
0.931
0.654
0.618
0.756
2.908
0.778
0.71
3.966
0.619
0.776
6.448
0.791
0.731
0.623
7.68
2.915
0.641
0.698
2.342
0.626
1.125
9.548
65.325
0.637
2.453
6.647
0.678
3.696
58.1
2.911
12.177
85.955
47.696
0.661
5.625
0.702
0.762
0.659
12.395
0.724
0.73
1.554
2.051
0.725
1.946
1.888
0.702
10.373
4.667
7.004
0.761
2.309
0.756
0.701
9.067
0.656
0.981
1.25
25.753
0.742
2.355
0.645
6.401
1.884
0.982
5.935
4.374
11.153
2.611
0.845
5.088
43.106
38.906
1.955
1.121
1.91
0.76
1.742
2.9
19.239
1.315
0.659
1.29
4.009
1.998
1.475
2.742
6.822
4.266
0.707
2.279
1.286
5.374
1.248
6.258
0.742
0.82
0.771
5.974
5.264
0.796
0.788
1.97
5.557
0.726
46.355
5.289
95.652
2.445
7.046
0.841
0.8
3.64
65.199
1.653
0.723
2.507
0.677
0.654
4.996
2.301
18.808
13.115
0.616
1.657
0.738
0.867
0.723
59.122
1.451
14.727
19.234
0.74
0.594
0.598
0.755
11.615
6.373
0.728
0.779
1.926
0.709
0.649
2.088
4.701
8.301
1.273
0.705
0.79
1.997
0.671
3.272
2.445
1.485
0.657
3.022
1.786
1.706
6.512
3.508
1.234
2.237
3.364
4.646
1.258
1.276
1.005
1.795
1.527
2.66
14.58
2.628
24.568
7.45
1.776
9.503
2.593
0.775
0.688
12.325
3.252
3.025
0.657
0.653
0.742
0.636
0.759
24.994
0.767
0.647
0.655
7.881
21.688
2.941
0.696
2.167
4.48
3.015
0.682
2.876
2.18
0.657
0.651
0.883
0.77
0.675
7.41
0.646
0.62
5.607
0.714
0.64
15.24
0.661
0.683
0.698
0.672
0.95
0.747
4.355
2.485
0.736
3.561
0.653
0.861
0.653
0.797
1.954
0.647
5.262
0.739
0.788
0.743
1.735
9.459
2.337
3.668
0.803
6.586
17.714
0.629
0.674
2.575
3.748
0.868
9.435
3.254
0.686
0.78
0.866
0.805
0.732
0.666
0.796
0.835
0.646
11.219
0.595
0.63
0.801
0.614
0.697
1.753
0.848
0.635
0.765
0.748
0.613
0.747
0.635
0.674
0.659
0.629
2.194
1.382
0.755
2.332
3.281
0.682
1.745
1.943
0.653
1.215
1.45
0.622
5.479
0.591
0.647
1.202
1.354
0.77
0.583
4.668
0.861
1.235
0.812
0.63
2.91
0.866
1.383
0.6
5.448
1.609
0.888
1.671
0.722
0.754
1.328
0.939
0.782
0.855
3.268
0.679
1.136
1.077
0.597
0.629
1.467
0.613
0.877
0.59
0.627
0.985
1.047
0.732
0.747
0.603
0.802
1.223
4.125
3.029
1.569
0.886
2.84
0.613
0.771
1.667
1.58
1.332
1.508
0.932
1.57
0.857
0.836
0.917
0.73
0.818
1.567
1.959
9.353
5.454
2.58
0.774
0.988
0.751
0.671
0.675
0.772
0.722
0.498
0.704
0.709
4.671
0.655
0.867
0.633
0.777
0.671
0.888
0.756
0.653
0.693
0.766
0.645
0.626
8.781
0.648
