1
5
2
2
3
2
1
5
2
2
2
2
2
2
2
2
2
2
5
4
3
5
3
15
4
2
2
2
2
2
2
2
2
2
2
2
2
2
2
2
2
2
2
2
2
3
2
2
2
2
7
2
2
2
12
2
2
2
4
2
2
2
2
2
18
36
1
3
2
5
2
3
2
2
2
2
8
1
2
3
2
2
2
2
2
1
2
3
4
3
2
6
4
3
4
4
2
2
3
3
8
2
2
2
3
2
2
2
7
2
4
2
4
2
3
2
5
2
3
6
2
2
2
2
7
3
2
2
3
2
2
3
2
5
2
3
2
3
3
5
3
5
5
3
1
2
3
5
5
3
2
2
5
3
3
4
3
2
1
2
2
5
2
4
2
3
2
7
15
1
7
1
8
2
3
1
1
4
1
2
1
2
2
3
3
2
5
5
4
2
3
1
2
2
1
2
3
3
2
2
3
2
2
2
3
4
2
3
4
2
4
2
2
2
4
6
2
2
3
4
3
2
4
5
2
3
3
2
2
3
2
3
4
2
3
2
6
3
3
2
4
3
2
2
3
2
3
2
2
4
2
2
2
4
1
2
3
3
2
2
2
2
1
2
2
2
2
3
6
3
2
2
1
3
2
2
14
2
3
4
2
2
2
2
2
2
2
6
2
2
3
2
2
2
2
7
3
1
4
4
3
2
5
4
2
2
2
2
2
2
2
5
1
2
2
2
2
2
2
3
10
2
4
4
2
2
2
2
2
2
3
2
2
2
2
2
3
4
2
2
2
2
3
2
2
4
2
2
2
2
2
4
3
2
2
2
2
2
3
2
2
5
2
2
5
3
3
2
2
2
2
2
2
2
2
2
3
4
2
6
2
3
3
4
4
3
3
2
3
3
2
2
2
2
2
2
3
3
2
2
2
3
2
2
2
3
3
3
2
3
2
3
3
3
2
2
3
6
3
2
3
3
2
2
4
6
2
2
2
2
2
2
5
2
2
3
2
2
2
2
2
2
2
2
