609000
792000
844000
664000
623000
917000
186000
222000
51000
345000
680000
837000
901000
419000
160000
35000
612000
700000
834000
445000
661000
645000
131000
378000
809000
562000
828000
468000
807000
251000
579000
878000
668000
714000
862000
493000
695000
861000
724000
634000
673000
646000
691000
651000
816000
682000
657000
750000
718000
125000
826000
636000
189000
958000
648000
30000
862000
671000
544000
851000
628000
703000
839000
653000
621000
731000
890000
279000
674000
629000
640000
833000
296000
169000
34000
480000
761000
148000
696000
457000
296000
745000
13000
682000
118000
62000
625000
624000
660000
810000
843000
687000
649000
808000
744000
653000
657000
913000
499000
769000
649000
666000
705000
684000
631000
671000
700000
603000
60000
673000
654000
299000
587000
213000
693000
744000
210000
721000
660000
626000
170000
716000
58000
421000
931000
759000
654000
618000
756000
908000
778000
710000
966000
619000
776000
448000
791000
731000
623000
680000
915000
641000
698000
342000
626000
288000
125000
667000
548000
72000
325000
637000
300000
263000
395000
453000
897000
647000
768000
134000
687000
678000
696000
100000
911000
177000
955000
696000
661000
498000
625000
702000
644000
762000
659000
395000
951000
724000
730000
554000
51000
725000
946000
44000
888000
702000
373000
667000
4000
761000
309000
756000
585000
701000
67000
656000
981000
250000
713000
770000
654000
753000
742000
355000
645000
401000
884000
982000
620000
682000
935000
767000
664000
374000
579000
153000
611000
75000
845000
88000
878000
106000
906000
955000
499000
121000
910000
760000
742000
900000
659000
239000
315000
659000
598000
290000
9000
998000
475000
742000
822000
266000
707000
279000
286000
374000
248000
31000
488000
637000
209000
678000
748000
258000
742000
188000
896000
820000
771000
716000
974000
940000
264000
796000
909000
177000
411000
657000
727000
962000
652000
463000
360000
788000
476000
645000
970000
557000
726000
355000
702000
289000
652000
803000
445000
46000
68000
711000
657000
841000
891000
486000
800000
640000
199000
653000
723000
507000
677000
654000
996000
301000
808000
115000
616000
657000
738000
867000
723000
122000
451000
727000
234000
740000
684000
594000
598000
755000
615000
961000
373000
728000
779000
877000
463000
926000
709000
649000
88000
701000
301000
273000
705000
790000
997000
671000
959000
272000
445000
485000
657000
764000
22000
627000
786000
1000
706000
512000
508000
234000
416000
237000
364000
646000
258000
276000
5000
795000
527000
713000
742000
660000
580000
628000
568000
450000
776000
503000
593000
775000
833000
688000
325000
252000
25000
657000
653000
742000
636000
759000
994000
767000
647000
655000
881000
688000
941000
696000
167000
480000
726000
15000
682000
876000
260000
180000
459000
657000
651000
883000
770000
675000
410000
646000
620000
607000
714000
640000
240000
661000
846000
683000
698000
672000
950000
747000
355000
485000
736000
561000
653000
861000
653000
797000
954000
647000
262000
934000
641000
