4.609
0.792
0.844
0.664
1.623
1.917
1.186
65.222
2.051
2.345
0.68
1.837
0.901
21.419
10.16
10.035
0.612
0.7
9.834
13.445
0.661
0.645
89.131
8.378
0.809
8.562
7.828
5.468
0.807
2.251
11.579
0.878
0.668
0.714
0.862
10.493
0.695
0.861
0.724
0.634
0.673
0.646
0.691
0.651
0.816
0.682
0.657
0.75
0.718
2.125
0.826
1.636
2.189
0.958
0.648
5.03
1.862
3.671
4.544
0.851
0.628
0.703
0.839
0.653
0.621
0.731
8.89
7.279
3.674
0.629
0.64
0.833
3.296
2.169
1.034
1.48
0.761
4.148
4.696
3.457
1.296
3.745
1.013
0.682
1.118
1.062
0.625
0.624
0.66
6.81
2.843
0.687
0.649
1.808
3.744
0.653
0.657
1.913
6.499
0.769
3.649
0.666
0.705
0.684
0.631
0.671
0.7
0.603
4.06
0.673
0.654
1.299
6.587
2.213
0.693
0.744
3.21
0.721
0.66
0.626
1.17
68.716
25.058
2.421
0.931
0.759
0.654
0.618
0.756
2.908
0.778
0.71
3.966
0.619
0.776
6.448
0.791
0.731
0.623
7.68
2.915
0.641
0.698
2.342
0.626
7.288
1.125
0.667
9.548
19.072
65.325
0.637
1.3
2.263
20.395
2.453
1.897
6.647
2.768
21.134
3.687
0.678
3.696
58.1
2.911
12.177
85.955
47.696
0.661
1.498
5.625
0.702
0.644
0.762
0.659
12.395
5.951
0.724
0.73
1.554
2.051
0.725
1.946
3.044
1.888
0.702
10.373
4.667
7.004
0.761
2.309
0.756
2.585
0.701
9.067
0.656
0.981
1.25
0.713
4.77
0.654
25.753
0.742
2.355
0.645
6.401
1.884
0.982
0.62
0.682
5.935
0.767
0.664
4.374
1.579
11.153
2.611
3.075
0.845
5.088
0.878
43.106
38.906
1.955
6.499
1.121
1.91
0.76
1.742
2.9
0.659
19.239
1.315
0.659
2.598
1.29
4.009
1.998
1.475
2.742
6.822
4.266
0.707
2.279
1.286
5.374
1.248
1.031
2.488
0.637
2.209
0.678
71.748
6.258
0.742
64.188
3.896
0.82
0.771
0.716
5.974
1.94
5.264
0.796
1.909
11.177
2.411
2.657
4.727
581.547
1.962
0.652
36.463
118.36
0.788
1.476
0.645
1.97
5.557
0.726
46.355
0.702
5.289
95.652
5.803
2.445
7.046
4.068
0.711
1.657
0.841
0.891
1.486
0.8
3.64
65.199
1.653
0.723
2.507
0.677
0.654
4.996
2.301
18.808
13.115
0.616
1.657
0.738
0.867
0.723
59.122
1.451
14.727
19.234
0.74
0.684
0.594
0.598
0.755
11.615
0.961
6.373
0.728
0.779
2.877
3.463
1.926
0.709
0.649
2.088
4.701
8.301
1.273
0.705
0.79
1.997
0.671
8.959
3.272
2.445
1.485
0.657
0.764
3.022
0.627
1.786
2.001
1.706
6.512
3.508
1.234
6.416
2.237
3.364
4.646
1.258
1.276
1.005
1.795
1.527
1.713
1.742
2.66
14.58
2.628
24.568
7.45
1.776
9.503
2.593
0.775
0.833
0.688
12.325
3.252
3.025
0.657
0.653
0.742
0.636
0.759
24.994
0.767
0.647
0.655
7.881
21.688
2.941
0.696
2.167
4.48
2.726
3.015
0.682
2.876
1.26
2.18
12.459
0.657
0.651
0.883
0.77
0.675
7.41
0.646
0.62
5.607
0.714
0.64
15.24
0.661
0.846
0.683
0.698
0.672
0.95
0.747
4.355
2.485
0.736
3.561
0.653
0.861
0.653
0.797
1.954
0.647
5.262
1.934
0.641
0.739
0.788
0.743
0.877
1.735
9.459
2.337
3.668
0.803
6.586
17.714
0.629
0.674
2.575
3.748
0.868
9.435
3.254
0.686
0.78
0.866
0.805
0.732
0.666
0.796
0.682
0.835
0.646
11.219
0.595
0.63
0.801
0.614
3.263
0.697
1.753
1.01
0.848
0.635
0.765
0.748
0.613
0.747
0.635
0.674
0.659
0.629
2.194
0.908
0.871
0.581
17.959
1.382
0.755
2.332
3.281
0.682
1.745
1.943
0.653
1.215
1.45
0.622
5.479
0.591
0.647
1.202
1.354
0.77
0.583
4.668
0.861
1.235
0.812
0.63
2.91
0.866
1.383
0.6
5.448
1.609
0.888
1.671
0.722
0.754
1.328
0.939
0.782
0.855
3.268
0.679
1.136
1.077
0.597
0.629
1.467
0.613
0.877
0.59
0.627
0.985
1.047
0.732
0.747
0.603
0.802
1.223
4.125
3.029
1.569
0.886
2.84
0.613
0.771
1.667
1.58
1.498
1.332
1.508
