0.379
0.407
0.392
0.113
0.059
0.204
0.392
0.143
0.071
0.141
0.125
0.06
0.163
0.063
0.055
0.067
0.075
0.039
0.042
0.174
0.057
0.037
0.088
0.064
0.068
0.066
0.045
0.042
0.034
0.039
0.045
0.385
0.335
0.052
0.041
0.048
0.049
0.093
0.075
0.071
0.03
0.117
0.063
0.044
0.03
0.028
0.029
0.076
0.045
0.05
0.048
0.054
0.073
0.19
0.1
0.111
0.061
0.178
0.105
0.055
0.069
0.056
0.071
0.054
0.051
0.03
0.041
0.038
0.032
0.042
0.052
0.04
0.018
0.051
0.059
0.038
0.056
0.059
0.07
0.037
0.069
0.086
0.076
0.093
0.095
0.06
0.079
0.043
0.078
0.072
0.048
0.032
0.031
0.059
0.097
0.056
0.063
0.045
0.048
0.035
0.136
0.058
0.046
0.063
0.041
0.066
0.049
0.066
0.048
0.071
0.047
0.066
0.18
0.05
0.092
0.069
0.048
0.218
0.028
0.099
0.21
0.08
0.032
0.058
0.134
0.128
0.326
0.537
0.071
0.05
0.039
0.026
0.025
0.184
0.044
0.051
0.086
0.04
0.168
0.051
0.053
0.049
0.048
0.275
0.174
0.04
0.039
0.036
0.036
0.058
0.052
0.056
0.088
0.115
0.104
0.058
0.093
0.061
0.148
0.071
0.181
0.071
0.081
0.089
0.078
0.084
0.058
0.061
0.158
0.058
0.036
0.058
0.047
0.059
0.051
0.09
0.051
0.055
0.047
0.035
0.073
0.046
0.053
0.057
0.046
0.077
0.053
0.062
0.168
0.11
0.066
0.091
0.05
0.069
0.047
0.056
0.075
0.059
0.057
0.066
0.067
0.05
0.076
0.043
0.045
0.04
0.043
0.135
0.058
0.037
0.072
0.199
0.055
0.104
0.059
0.064
0.146
0.055
0.024
0.055
0.05
0.061
0.089
0.118
0.067
0.066
0.077
0.059
0.051
0.118
0.06
0.062
0.18
0.148
0.057
0.06
0.166
0.062
0.067
0.058
0.054
0.045
0.052
0.052
0.169
0.173
0.105
0.045
0.05
0.035
0.054
0.044
0.036
0.034
0.06
0.044
0.087
0.051
0.101
0.184
0.117
0.106
0.234
0.24
0.273
0.077
0.048
0.048
0.294
0.038
0.112
0.082
0.091
0.107
0.061
0.131
0.086
0.138
0.081
0.091
0.037
0.085
0.094
0.052
0.085
0.108
0.098
0.067
0.057
0.087
0.116
0.23
0.015
0.08
0.265
0.15
0.159
0.067
0.05
0.071
0.06
0.055
0.153
0.191
0.064
0.112
0.067
0.053
0.175
0.074
0.05
0.102
0.096
0.116
0.087
0.046
0.059
0.037
0.031
0.053
0.044
0.038
0.199
0.064
0.039
0.045
0.026
0.026
0.065
0.082
0.077
0.064
0.063
0.042
0.053
0.155
0.074
0.075
0.057
0.064
0.046
0.065
0.054
0.065
0.073
0.049
0.059
0.099
0.072
0.076
0.075
0.063
0.164
0.047
0.047
0.07
0.046
0.061
0.083
0.048
0.055
0.073
0.084
0.047
0.108
0.061
0.052
0.052
0.04
0.088
0.066
0.137
0.057
0.067
0.062
0.086
0.063
0.063
0.083
0.085
0.072
0.051
0.183
0.07
0.053
0.099
0.053
0.052
0.048
0.061
0.077
0.083
0.052
0.045
0.177
0.077
0.067
0.095
0.066
0.141
0.061
0.075
0.072
0.068
0.078
0.069
0.061
0.059
0.048
0.057
0.049
0.042
0.07
0.192
0.055
0.045
0.046
0.053
0.047
0.049
0.045
0.039
0.038
0.056
0.042
0.092
0.054
0.071
0.058
0.068
0.059
0.169
0.057
0.063
0.07
0.051
0.071
0.079
0.104
0.073
