379000
407000
392000
113000
59000
204000
392000
143000
71000
141000
125000
60000
163000
63000
55000
67000
75000
39000
42000
174000
57000
37000
88000
64000
68000
66000
45000
42000
34000
39000
45000
385000
335000
52000
41000
48000
49000
93000
75000
71000
30000
117000
63000
44000
30000
28000
29000
76000
45000
50000
48000
54000
73000
190000
100000
111000
61000
178000
105000
55000
69000
56000
71000
54000
51000
30000
41000
38000
32000
42000
52000
40000
18000
51000
59000
38000
56000
59000
70000
37000
69000
86000
76000
93000
95000
60000
79000
43000
78000
72000
48000
32000
31000
59000
97000
56000
63000
45000
48000
35000
136000
58000
46000
63000
41000
66000
49000
66000
48000
71000
47000
66000
180000
50000
92000
69000
48000
218000
28000
99000
210000
80000
32000
58000
134000
128000
326000
537000
71000
50000
39000
26000
25000
184000
44000
51000
86000
40000
168000
51000
53000
49000
48000
275000
174000
40000
39000
36000
36000
58000
52000
56000
88000
115000
104000
58000
93000
61000
148000
71000
181000
71000
81000
89000
78000
84000
58000
61000
158000
58000
36000
58000
47000
59000
51000
90000
51000
55000
47000
35000
73000
46000
53000
57000
46000
77000
53000
62000
168000
110000
66000
91000
50000
69000
47000
56000
75000
59000
57000
66000
67000
50000
76000
43000
45000
40000
43000
135000
58000
37000
72000
199000
55000
104000
59000
64000
146000
55000
24000
55000
50000
61000
89000
118000
67000
66000
77000
59000
51000
118000
60000
62000
180000
148000
57000
60000
166000
62000
67000
58000
54000
45000
52000
52000
169000
173000
105000
45000
50000
35000
54000
44000
36000
34000
60000
44000
87000
51000
101000
184000
117000
106000
234000
240000
273000
77000
48000
48000
294000
38000
112000
82000
91000
107000
61000
131000
86000
138000
81000
91000
37000
85000
94000
52000
85000
108000
98000
67000
57000
87000
116000
230000
15000
80000
265000
150000
159000
67000
50000
71000
60000
55000
153000
191000
64000
112000
67000
53000
175000
74000
50000
102000
96000
116000
87000
46000
59000
37000
31000
53000
44000
38000
199000
64000
39000
45000
26000
26000
65000
82000
77000
64000
63000
42000
53000
155000
74000
75000
57000
64000
46000
65000
54000
65000
73000
49000
59000
99000
72000
76000
75000
63000
164000
47000
47000
70000
46000
61000
83000
48000
55000
73000
84000
47000
108000
61000
52000
52000
40000
88000
66000
137000
57000
67000
62000
86000
63000
63000
83000
85000
72000
51000
183000
70000
53000
99000
53000
52000
48000
61000
77000
83000
52000
45000
177000
77000
67000
95000
66000
141000
61000
75000
72000
68000
78000
69000
61000
59000
48000
57000
49000
42000
70000
192000
55000
45000
46000
53000
47000
49000
45000
39000
38000
56000
42000
92000
54000
71000
58000
68000
59000
169000
57000
63000
70000
51000
71000
79000
104000
73000
