33.019
9.93
190.274
66.127
49.957
64.888
40.862
281.63
42.279
52.18
39.458
74.609
47.61
56.519
90.315
37.324
55.374
112.586
249.26
32.985
117.563
78.405
57.348
288.716
109.432
47.687
61.553
47.916
43.728
42.037
41.051
41.88
64.906
69.343
69.14
71.127
45.057
55.085
62.08
145.31
92.69
137.856
80.837
71.28
43.36
126.159
67.94
53.342
57.154
64.137
204.983
86.843
39.863
48.066
60.928
93.21
44.782
161.019
121.468
62.634
64.375
64.225
47.27
49.385
188.139
178.393
20.072
132.529
49.981
96.442
51.679
267.26
42.97
49.413
72.668
156.177
246.935
138.681
35.264
62.399
75.624
82.519
81.708
56.82
48.864
67.603
72.599
81.683
104.776
270.899
108.744
133.817
557.195
42.897
76.762
153.759
44.641
61.062
133.782
149.514
103.611
89.208
47.758
53.738
54.254
113.759
34.297
87.563
136.316
160.793
147.425
120.074
135.368
83.533
108.755
204.199
148.64
58.045
123.164
86.842
43.359
36.529
98.258
48.831
163.0
103.499
43.847
99.94
72.6
48.367
40.437
89.976
230.048
96.932
197.201
84.026
172.999
201.207
507.029
196.975
143.154
498.811
106.609
262.371
177.234
83.453
127.77
132.821
369.333
59.113
60.95
61.839
125.854
156.819
59.538
226.959
57.19
107.771
126.759
47.5
89.453
209.226
184.752
149.633
89.381
216.865
354.387
201.381
392.174
132.549
355.031
195.256
204.444
92.541
171.237
185.77
90.903
255.271
287.082
185.058
169.941
367.416
67.696
159.644
125.43
95.891
152.393
81.364
90.37
125.794
101.604
169.853
108.391
40.559
120.726
219.06
156.0
179.398
40.274
43.636
56.674
105.18
78.989
134.227
131.152
167.04
39.861
192.802
211.487
58.412
166.011
33.234
213.303
208.173
122.659
101.899
141.88
302.132
440.818
162.252
122.722
126.09
365.396
183.047
245.403
172.339
513.265
159.185
189.351
240.572
180.519
143.231
263.102
79.633
185.356
94.72
442.073
264.139
265.652
105.309
427.145
222.422
70.107
70.303
159.406
97.431
77.879
127.327
125.639
168.188
69.577
45.483
82.72
195.872
137.275
39.074
91.514
275.999
102.764
332.558
98.953
87.04
91.12
443.611
133.088
37.196
146.243
220.974
191.67
64.241
94.432
172.652
187.023
288.633
54.126
46.573
130.553
169.685
250.571
93.991
43.458
91.533
33.102
59.463
22.782
62.029
32.663
100.407
42.022
133.583
450.572
57.429
27.533
191.167
44.667
83.637
43.612
432.107
73.795
307.16
215.506
182.417
198.245
264.619
38.145
202.732
50.593
28.024
59.355
169.531
216.251
61.351
125.454
220.734
40.483
56.593
39.749
45.534
48.195
32.649
235.268
94.941
43.321
92.801
47.49
45.06
48.789
155.856
38.645
52.316
38.29
41.168
49.409
30.258
113.19
79.617
38.789
42.795
70.209
60.717
155.279
113.595
361.871
67.357
58.106
327.073
75.184
175.222
82.397
35.555
35.194
99.91
127.276
43.248
43.217
42.484
55.801
46.059
34.598
98.778
49.173
75.001
51.247
37.747
120.645
147.368
106.932
130.6
124.516
39.329
39.272
32.759
53.256
57.647
47.653
39.562
249.264
101.897
127.165
190.422
72.564
100.708
203.057
29.982
76.394
46.424
60.159
30.12
51.018
37.008
32.946
153.509
204.354
160.876
66.337
42.908
77.176
78.92
36.495
27.625
37.314
42.264
40.214
39.13
65.119
49.534
242.116
