33
9
190
66
49
64
40
281
42
52
39
74
47
56
90
37
55
112
249
32
117
78
57
288
109
47
61
47
43
42
41
41
64
69
69
71
45
55
62
145
92
137
80
71
43
126
67
53
57
64
204
86
39
48
60
93
44
161
121
62
64
64
47
49
188
178
20
132
49
96
51
267
42
49
72
156
246
138
35
62
75
82
81
56
48
67
72
81
104
270
108
133
42
76
153
44
61
133
149
103
89
47
53
54
113
34
87
136
160
147
120
135
83
108
204
148
58
123
86
43
36
98
48
163
103
43
99
72
48
40
89
230
96
197
84
172
201
196
143
106
262
177
83
127
132
59
60
61
125
156
59
226
57
107
126
47
89
209
184
149
89
216
201
132
195
204
92
171
185
90
255
287
185
169
67
159
125
95
152
81
90
125
101
169
108
40
120
219
156
179
40
43
56
105
78
134
131
167
39
192
211
58
166
33
213
208
122
101
141
162
122
126
183
245
172
159
189
240
180
143
263
79
185
94
264
265
105
222
70
70
159
97
77
127
125
168
69
45
82
195
137
39
91
275
102
98
87
91
133
37
146
220
191
64
94
172
187
288
54
46
130
169
250
93
43
91
33
59
22
62
32
100
42
133
57
27
191
44
83
43
