1
7
1
1
1
6
1
4
12
5
4
2
1
10
9
8
7
1
1
1
2
2
2
3
5
1
1
1
1
3
2
1
1
2
2
3
2
1
15
5
2
1
2
2
2
2
2
2
2
2
2
2
2
2
1
4
5
4
4
3
5
3
15
4
2
2
2
2
2
2
16
2
2
2
2
2
2
2
6
2
6
2
2
2
2
2
2
2
2
2
4
3
3
2
1
2
3
11
2
2
13
2
6
2
2
7
2
2
2
12
5
8
2
2
2
3
4
2
6
2
2
2
2
18
36
16
1
1
3
4
2
5
2
3
2
2
2
2
8
1
2
3
2
2
2
2
2
1
2
3
3
10
4
4
3
2
5
18
10
14
6
7
4
8
7
4
3
4
3
4
2
2
3
3
8
3
2
2
3
2
2
2
3
2
2
7
2
4
2
6
4
2
3
2
5
2
3
5
5
2
2
2
2
7
14
3
1
1
1
3
2
2
3
2
2
3
6
6
2
11
10
5
5
2
3
5
2
3
7
3
5
3
8
5
5
3
1
2
6
3
5
5
3
3
2
2
5
3
3
4
3
2
1
2
2
15
5
10
1
1
10
5
2
1
2
3
2
8
3
1
2
7
4
1
4
1
4
4
1
3
1
1
2
15
6
1
1
7
1
8
1
2
3
6
1
1
1
3
1
2
4
11
1
1
2
1
2
2
3
3
2
5
5
3
2
3
1
2
2
1
2
3
3
2
2
7
3
2
2
2
5
2
4
2
13
2
3
4
2
4
2
2
2
4
6
2
2
1
3
4
3
2
2
4
7
5
3
2
3
3
2
5
2
3
2
3
4
2
3
2
3
6
6
3
3
2
4
3
2
2
3
5
2
3
2
2
4
2
2
2
4
1
2
2
3
2
2
2
2
1
2
2
2
2
2
1
3
2
6
3
2
2
1
3
2
2
3
2
3
4
2
2
2
2
2
2
2
2
6
2
2
3
2
2
2
2
2
2
2
2
