9.93
20.072
22.782
27.533
27.625
27.751
28.024
28.157
29.982
30.12
30.258
32.133
32.633
32.649
32.663
32.759
32.946
32.985
33.019
33.102
33.234
33.338
34.297
34.571
34.598
34.821
35.194
35.264
35.555
35.555
35.685
36.495
36.529
37.008
37.02
37.1
37.196
37.314
37.324
37.747
38.113
38.145
38.29
38.398
38.645
38.789
39.005
39.074
39.13
39.272
39.329
39.458
39.562
39.749
39.861
39.863
40.214
40.274
40.285
40.437
40.483
40.559
40.862
41.051
41.168
41.88
42.022
42.037
42.264
42.279
42.484
42.795
42.897
42.908
42.97
43.217
43.248
43.321
43.359
43.36
43.458
43.612
43.636
43.728
43.847
44.641
44.667
44.782
45.057
45.06
45.483
45.534
46.059
46.394
46.424
46.573
47.27
47.49
47.5
47.61
47.653
47.687
47.758
47.916
48.066
48.195
48.367
48.789
48.831
48.864
49.173
49.385
49.409
49.413
49.534
49.957
49.981
50.593
51.018
51.247
51.679
52.18
52.316
53.256
53.342
53.738
54.126
54.254
55.085
55.374
55.567
55.801
56.519
56.593
56.674
56.82
57.154
57.19
57.348
57.429
57.647
58.045
58.106
58.412
59.113
59.355
59.463
59.538
60.159
60.717
60.928
60.95
61.062
61.132
61.351
61.553
61.839
62.029
62.08
62.243
62.399
62.634
62.888
63.863
64.137
64.225
64.241
64.375
64.888
64.906
65.119
66.127
66.337
67.357
67.603
67.696
67.94
69.14
69.343
69.577
70.107
70.209
70.303
71.127
71.28
72.564
72.599
72.6
72.668
73.795
74.609
75.001
75.184
75.291
75.624
76.394
76.762
77.176
77.879
78.405
78.92
78.989
79.617
79.633
80.837
81.364
81.683
81.708
82.397
82.519
82.72
83.453
83.533
83.637
84.026
84.559
86.842
86.843
87.04
87.563
89.208
89.381
89.453
89.976
90.315
90.37
90.903
91.12
91.514
91.533
92.541
92.69
92.801
93.21
93.991
94.432
94.72
94.941
95.891
96.442
96.593
96.932
97.431
98.258
98.778
98.953
99.91
99.94
100.105
100.407
100.708
101.604
101.897
101.899
101.946
102.764
103.499
103.611
104.776
105.18
105.309
106.609
106.932
107.771
108.391
108.744
108.755
109.432
112.586
113.19
113.595
113.759
117.563
120.074
120.645
120.726
121.468
122.659
122.722
123.164
124.516
125.43
125.454
125.639
125.794
125.854
126.09
126.159
126.759
127.165
127.276
127.327
127.458
127.77
130.553
130.6
131.152
132.392
132.529
132.549
132.821
133.088
133.321
133.583
133.782
133.817
134.227
135.368
136.316
137.275
137.856
138.681
141.88
143.154
143.231
143.818
145.31
146.243
147.368
147.425
147.634
148.64
149.514
149.633
152.393
153.509
153.759
155.279
155.856
156
156.177
156.819
157.361
159.185
159.406
159.644
160.793
160.876
161.019
162.252
163
166.011
167.04
168.188
169.531
169.685
169.853
169.941
171.237
172.339
172.652
172.999
175.222
177.234
178.393
179.398
180.519
182.417
182.492
183.047
184.752
185.058
185.356
185.77
187.023
188.139
189.351
190.274
190.422
191.167
191.67
192.802
195.256
195.872
196.975
197.201
197.373
198.245
201.207
201.381
202.732
203.057
204.199
204.354
204.444
204.983
208.173
209.226
211.487
213.303
215.506
216.251
216.865
219.06
220.734
220.974
222.422
226.959
230.048
235.268
240.572
242.116
245.403
246.935
247.449
249.26
249.264
250.571
255.271
262.134
262.371
263.102
264.139
264.619
265.652
267.26
270.899
275.999
281.63
287.082
288.633
288.716
293.314
302.132
307.16
327.073
332.558
354.387
355.031
361.871
365.396
367.416
369.333
392.174
427.145
432.107
440.818
442.073
443.611
450.572
498.811
507.029
513.265
557.195